-- event 9 - Noblegarden
DELETE FROM `gameobject_template` WHERE `entry` IN (235907 /*235907*/, 235908 /*235908*/);
INSERT INTO `gameobject_template` (`entry`, `type`, `displayId`, `IconName`, `unk1`, `size`, `Data0`, `Data1`, `Data2`, `Data3`, `Data4`, `Data5`, `Data6`, `Data7`, `Data8`, `Data9`, `Data10`, `Data11`, `Data12`, `Data13`, `Data14`, `Data15`, `Data16`, `Data17`, `Data18`, `Data19`, `Data20`, `Data21`, `Data22`, `Data23`, `Data24`, `Data25`, `Data26`, `Data27`, `Data28`, `Data29`, `Data30`, `Data31`, `Data32`, `RequiredLevel`, `VerifiedBuild`) VALUES
(235908, 3, 1407, '', '', 1, 43, 55708, 0, 1, 0, 0, 0, 0, 0, 0, 0, 0, 0, 0, 0, 0, 0, 0, 0, 0, 0, 0, 0, 0, 0, 0, 0, 0, 0, 0, 0, 0, 0, 0, 23911), -- 235908
(235907, 3, 1407, '', '', 1, 43, 55709, 0, 1, 0, 0, 0, 0, 0, 0, 0, 0, 0, 0, 0, 0, 0, 0, 0, 0, 0, 0, 0, 0, 0, 0, 0, 0, 0, 0, 0, 0, 0, 0, 23911); -- 235907

DELETE FROM `gameobject` WHERE `guid` BETWEEN 400100 AND 400305;
insert  into `gameobject`(`guid`,`id`,`map`,`zoneId`,`areaId`,`spawnMask`,`PhaseId`,`PhaseGroup`,`position_x`,`position_y`,`position_z`,`orientation`,`rotation0`,`rotation1`,`rotation2`,`rotation3`,`spawntimesecs`,`animprogress`,`state`,`ScriptName`,`VerifiedBuild`) values 
(400100,113769,0,0,0,1,0,0,-9454,18.5163,56.5293,4.03171,0,0,-0.902585,0.430512,120,255,1,'',23911),
(400101,113769,0,0,0,1,0,0,-5639,-504.025,396.669,5.68977,0,0,-0.292372,0.956305,120,255,1,'',23911),
(400102,113769,0,0,0,1,0,0,-5633.71,-500.428,396.669,3.78737,0,0,-0.948323,0.317306,120,255,1,'',23911),
(400103,113769,0,0,0,1,0,0,-5583.84,-476.837,397.763,1.81514,0,0,0.788011,0.615662,120,255,1,'',23911),
(400104,113769,0,0,0,1,0,0,-5578.07,-508.541,404.096,4.60767,0,0,-0.743144,0.669132,120,255,1,'',23911),
(400105,113770,0,0,0,1,0,0,-9500.72,61.1516,60.5539,1.36136,0,0,0.62932,0.777146,120,255,1,'',23911),
(400106,113770,0,0,0,1,0,0,-9435.97,148.227,56.1291,2.51327,0,0,0.951056,0.309017,120,255,1,'',23911),
(400107,113770,0,0,0,1,0,0,-5591.84,-501.423,400.11,1.0821,0,0,0.515037,0.857168,120,255,1,'',23911),
(400108,113770,0,0,0,1,0,0,-5570.37,-454.21,402.226,3.22886,0,0,-0.999048,0.0436193,120,255,1,'',23911),
(400109,194054,0,0,0,1,0,0,-9500.34,17.528,57.0394,0.709898,0,0,0.347543,0.937664,120,255,1,'',23911),
(400110,194054,0,0,0,1,0,0,-9499.92,17.1557,57.1556,1.06722,0,0,0.508644,0.860977,120,255,1,'',23911),
(400111,194054,0,0,0,1,0,0,-9482.87,13.5992,56.654,6.09385,0,0,-0.0945244,0.995523,120,255,1,'',23911),
(400112,194054,0,0,0,1,0,0,-9475.67,5.37641,56.834,0.169258,0,0,0.084528,0.996421,120,255,1,'',23911),
(400113,194054,0,0,0,1,0,0,-9465.13,40.5083,56.6013,5.90409,0,0,-0.188416,0.982089,120,255,1,'',23911),
(400114,194054,0,0,0,1,0,0,-9460.87,107.713,57.6775,5.22459,0,0,-0.504926,0.863163,120,255,1,'',23911),
(400115,194054,0,0,0,1,0,0,-9451.56,29.344,56.5297,3.31704,0,0,-0.996155,0.0876108,120,255,1,'',23911),
(400116,194054,0,0,0,1,0,0,-9450.22,42.1019,57.3013,2.96536,0,0,0.996121,0.0880001,120,255,1,'',23911),
(400117,194054,0,0,0,1,0,0,-9426.97,114.453,58.3912,1.27086,0,0,0.593524,0.804816,120,255,1,'',23911),
(400118,194054,0,0,0,1,0,0,-5632.86,-476.788,397.376,4.61186,0,0,-0.74174,0.670687,120,255,1,'',23911),
(400119,194054,0,0,0,1,0,0,-5632.66,-472.141,397.824,4.81554,0,0,-0.669714,0.742619,120,255,1,'',23911),
(400120,194054,0,0,0,1,0,0,-5626.02,-474.722,396.98,3.56394,0,0,-0.977786,0.209605,120,255,1,'',23911),
(400121,194054,0,0,0,1,0,0,-5615.59,-523.719,402.658,0.759697,0,0,0.37078,0.928721,120,255,1,'',23911),
(400122,194054,0,0,0,1,0,0,-5600.17,-509.444,401.287,0.508408,0,0,0.251475,0.967864,120,255,1,'',23911),
(400123,194054,0,0,0,1,0,0,-5589.17,-467.343,400.314,0.849783,0,0,0.412222,0.911084,120,255,1,'',23911),
(400124,194054,0,0,0,1,0,0,-5586.96,-475.378,397.721,4.62974,0,0,-0.735716,0.67729,120,255,1,'',23911),
(400125,194054,0,0,0,1,0,0,-5568.22,-455.744,402.444,3.52726,0,0,-0.981465,0.19164,120,255,1,'',23911),
(400126,113771,0,0,0,1,0,0,-9475.63,41.6743,56.553,2.91469,0,0,0.993571,0.113208,120,255,1,'',23911),
(400127,113771,0,0,0,1,0,0,-9440.68,147.358,55.9453,3.927,0,0,-0.923879,0.382686,120,255,1,'',23911),
(400128,113771,0,0,0,1,0,0,-5585.19,-461.908,402.358,4.62512,0,0,-0.737277,0.675591,120,255,1,'',23911),
(400129,113771,0,0,0,1,0,0,-5572.73,-462.93,402.268,2.87979,0,0,0.991445,0.130528,120,255,1,'',23911),
(400130,113771,0,0,0,1,0,0,-5551.12,-475.11,397.944,1.71042,0,0,0.754709,0.656059,120,255,1,'',23911),
(400131,113771,0,0,0,1,0,0,-5537.1,-475.811,398.221,4.64258,0,0,-0.731354,0.681998,120,255,1,'',23911),
(400132,113768,0,0,0,1,0,0,-9453.12,27.4328,56.5293,4.36332,0,0,-0.819152,0.573577,120,255,1,'',23911),
(400133,113768,0,0,0,1,0,0,-8921.44,559.189,115.88,0.857418,0,0,0.415697,0.909503,120,255,1,'',23911),
(400134,113768,0,0,0,1,0,0,-5640.07,-511.86,398.785,4.25861,0,0,-0.848047,0.529921,120,255,1,'',23911),
(400135,113768,0,0,0,1,0,0,-5589.15,-477.107,397.566,1.58825,0,0,0.71325,0.70091,120,255,1,'',23911),
(400136,235907,0,0,0,1,0,0,-8694.96,630.637,100.78,6.20463,0,0,-0.0392675,0.999229,120,255,1,'',23911),
(400137,113769,0,0,0,1,0,0,-9475.32,5.74061,56.7991,3.21142,0,0,-0.999391,0.0349061,120,255,1,'',23911),
(400138,113769,0,0,0,1,0,0,-9473.21,77.1796,57.2729,3.83973,0,0,-0.939692,0.342021,120,255,1,'',23911),
(400139,113769,0,0,0,1,0,0,-9464.07,81.39,57.0902,2.67035,0,0,0.972369,0.233448,120,255,1,'',23911),
(400140,113769,0,0,0,1,0,0,-9455,39.2159,56.56,1.83259,0,0,0.793353,0.608762,120,255,1,'',23911),
(400141,113769,0,0,0,1,0,0,-9437.66,113.322,57.5165,5.91667,0,0,-0.182235,0.983255,120,255,1,'',23911),
(400142,113769,0,0,0,1,0,0,-9425.25,56.1703,57.147,2.58308,0,0,0.961261,0.27564,120,255,1,'',23911),
(400143,113769,0,0,0,1,0,0,-5655.44,-507.668,397.518,1.5708,0,0,0.707107,0.707107,120,255,1,'',23911),
(400144,113769,0,0,0,1,0,0,-5592.35,-477.012,396.98,4.46804,0,0,-0.788011,0.615662,120,255,1,'',23911),
(400145,113769,0,0,0,1,0,0,-5590.94,-497.848,399.436,5.28835,0,0,-0.477158,0.878817,120,255,1,'',23911),
(400146,113769,0,0,0,1,0,0,-5588.74,-514.174,404.096,0.139625,0,0,0.0697555,0.997564,120,255,1,'',23911),
(400147,113769,0,0,0,1,0,0,-5578.15,-516.451,404.096,5.75959,0,0,-0.258819,0.965926,120,255,1,'',23911),
(400148,113769,0,0,0,1,0,0,-5550.99,-438.001,405.385,1.58825,0,0,0.71325,0.70091,120,255,1,'',23911),
(400149,113770,0,0,0,1,0,0,-9504.12,67.5321,56.6661,5.16618,0,0,-0.529919,0.848048,120,255,1,'',23911),
(400150,113770,0,0,0,1,0,0,-9456.51,-6.74995,56.5286,0.314158,0,0,0.156434,0.987688,120,255,1,'',23911),
(400151,113770,0,0,0,1,0,0,-5651.76,-504.997,396.851,6.19592,0,0,-0.0436192,0.999048,120,255,1,'',23911),
(400152,194054,0,0,0,1,0,0,-9481.24,28.7972,57.7753,6.11977,0,0,-0.0816154,0.996664,120,255,1,'',23911),
(400153,194054,0,0,0,1,0,0,-9464.05,80.2898,57.1363,1.22821,0,0,0.576228,0.817289,120,255,1,'',23911),
(400154,194054,0,0,0,1,0,0,-9460.59,128.492,58.9464,3.82234,0,0,-0.942631,0.333837,120,255,1,'',23911),
(400155,194054,0,0,0,1,0,0,-9451.38,45.1217,57.3622,3.95847,0,0,-0.917742,0.397177,120,255,1,'',23911),
(400156,194054,0,0,0,1,0,0,-9438.53,42.1483,56.9418,5.48109,0,0,-0.390382,0.920653,120,255,1,'',23911),
(400157,194054,0,0,0,1,0,0,-9420.37,78.7589,56.888,3.43103,0,0,-0.989547,0.144212,120,255,1,'',23911),
(400158,194054,0,0,0,1,0,0,-5631.51,-477.266,397.404,4.85282,0,0,-0.655757,0.754972,120,255,1,'',23911),
(400159,194054,0,0,0,1,0,0,-5615.66,-495.342,399.749,3.95338,0,0,-0.91875,0.39484,120,255,1,'',23911),
(400160,194054,0,0,0,1,0,0,-5615.14,-521.489,402.731,5.76765,0,0,-0.254923,0.966961,120,255,1,'',23911),
(400161,194054,0,0,0,1,0,0,-5603.72,-511.033,401.517,4.84426,0,0,-0.658981,0.752159,120,255,1,'',23911),
(400162,194054,0,0,0,1,0,0,-5600.95,-529.852,399.654,3.95809,0,0,-0.917818,0.397001,120,255,1,'',23911),
(400163,194054,0,0,0,1,0,0,-5599.85,-528.685,399.654,3.95809,0,0,-0.917818,0.397001,120,255,1,'',23911),
(400164,194054,0,0,0,1,0,0,-5588.62,-451.366,403.206,4.06081,0,0,-0.896226,0.443598,120,255,1,'',23911),
(400165,194054,0,0,0,1,0,0,-5582.33,-511.228,404.374,2.88648,0,0,0.991876,0.127211,120,255,1,'',23911),
(400166,194054,0,0,0,1,0,0,-5570.2,-462.187,402.329,4.02515,0,0,-0.903993,0.427548,120,255,1,'',23911),
(400167,194054,0,0,0,1,0,0,-5567.25,-457.977,402.698,2.50233,0,0,0.949351,0.314217,120,255,1,'',23911),
(400168,194054,0,0,0,1,0,0,-5550.93,-438.939,405.136,3.27509,0,0,-0.997773,0.0666987,120,255,1,'',23911),
(400169,113771,0,0,0,1,0,0,-9479.48,10.1983,56.5309,3.52557,0,0,-0.981627,0.190812,120,255,1,'',23911),
(400170,113771,0,0,0,1,0,0,-9470.95,44.3876,56.5081,4.31097,0,0,-0.833885,0.551938,120,255,1,'',23911),
(400171,113771,0,0,0,1,0,0,-9447.39,121.598,58.344,4.46804,0,0,-0.788011,0.615662,120,255,1,'',23911),
(400172,113771,0,0,0,1,0,0,-5625.35,-523.544,403.863,0.680677,0,0,0.333806,0.942642,120,255,1,'',23911),
(400173,113771,0,0,0,1,0,0,-5535.9,-504.5,401.28,4.31097,0,0,-0.833885,0.551938,120,255,1,'',23911),
(400174,113768,0,0,0,1,0,0,-8838.51,500.676,109.623,0.741313,0,0,0.362227,0.93209,120,255,1,'',23911),
(400175,113768,0,0,0,1,0,0,-5636.76,-501.881,396.669,5.2709,0,0,-0.484809,0.87462,120,255,1,'',23911),
(400176,113768,0,0,0,1,0,0,-5626.33,-478.569,396.98,2.49582,0,0,0.948323,0.317306,120,255,1,'',23911),
(400177,113768,0,0,0,1,0,0,-5603.32,-514.662,401.826,1.50098,0,0,0.681998,0.731354,120,255,1,'',23911),
(400178,113768,0,0,0,1,0,0,-5561.38,-454.769,403.026,4.01426,0,0,-0.906307,0.422619,120,255,1,'',23911),
(400179,113768,0,0,0,1,0,0,-5545.6,-497.103,402.079,5.60251,0,0,-0.333807,0.942641,120,255,1,'',23911),
(400180,235907,0,0,0,1,0,0,-9442.64,39.172,57.9432,5.16689,0,0,-0.529617,0.848237,120,255,1,'',23911),
(400181,113769,0,0,0,1,0,0,-9430.14,63.5273,56.7842,3.01941,0,0,0.998135,0.0610518,120,255,1,'',23911),
(400182,113769,0,0,0,1,0,0,-5634.76,-478.435,396.986,4.79966,0,0,-0.67559,0.737278,120,255,1,'',23911),
(400183,113770,0,0,0,1,0,0,-9481.81,19.8712,56.7135,4.24115,0,0,-0.85264,0.522499,120,255,1,'',23911),
(400184,113770,0,0,0,1,0,0,-9475.91,82.3177,57.3321,5.53269,0,0,-0.366501,0.930418,120,255,1,'',23911),
(400185,113770,0,0,0,1,0,0,-9471.21,43.4096,56.5602,2.1293,0,0,0.874619,0.48481,120,255,1,'',23911),
(400186,113770,0,0,0,1,0,0,-5641.92,-530.151,404.553,1.62316,0,0,0.725374,0.688355,120,255,1,'',23911),
(400187,113770,0,0,0,1,0,0,-5639,-504.025,396.669,5.68977,0,0,-0.292372,0.956305,120,255,1,'',23911),
(400188,113770,0,0,0,1,0,0,-5628.72,-497.477,397.231,5.41052,0,0,-0.422618,0.906308,120,255,1,'',23911),
(400189,194054,0,0,0,1,0,0,-9501.58,64.9156,56.5281,1.34006,0,0,0.621009,0.783804,120,255,1,'',23911),
(400190,194054,0,0,0,1,0,0,-9451.26,79.6195,57.5042,2.95047,0,0,0.995438,0.0954146,120,255,1,'',23911),
(400191,194054,0,0,0,1,0,0,-9450.84,44.4409,57.4546,3.47452,0,0,-0.986176,0.165698,120,255,1,'',23911),
(400192,194054,0,0,0,1,0,0,-9450.55,85.6747,56.8934,3.91048,0,0,-0.927007,0.375045,120,255,1,'',23911),
(400193,194054,0,0,0,1,0,0,-9437.79,56.8321,56.1207,1.62705,0,0,0.726714,0.68694,120,255,1,'',23911),
(400194,194054,0,0,0,1,0,0,-9419.46,110.948,59.7313,2.33663,0,0,0.920092,0.391703,120,255,1,'',23911),
(400195,194054,0,0,0,1,0,0,-9417.64,50.6445,57.8054,3.64015,0,0,-0.969091,0.246706,120,255,1,'',23911),
(400196,194054,0,0,0,1,0,0,-8896.68,627.493,99.5266,4.07202,0,0,-0.893725,0.448614,120,255,1,'',23911),
(400197,194054,0,0,0,1,0,0,-8853.8,642.838,96.5492,3.3361,0,0,-0.995274,0.0971008,120,255,1,'',23911),
(400198,194054,0,0,0,1,0,0,-8823.88,659.118,98.0251,5.87686,0,0,-0.201767,0.979433,120,255,1,'',23911),
(400199,194054,0,0,0,1,0,0,-8821.12,666.288,98.018,3.32193,0,0,-0.995937,0.0900488,120,255,1,'',23911),
(400200,113771,0,0,0,1,0,0,-9484.34,45.2543,57.344,2.16421,0,0,0.882947,0.469473,120,255,1,'',23911),
(400201,113771,0,0,0,1,0,0,-9482.21,13.31,56.5975,3.71755,0,0,-0.958819,0.284016,120,255,1,'',23911),
(400202,113771,0,0,0,1,0,0,-9478.88,39.2188,56.7774,3.03684,0,0,0.998629,0.0523532,120,255,1,'',23911),
(400203,113771,0,0,0,1,0,0,-9477.54,52.1982,61.0346,5.95157,0,0,-0.165047,0.986286,120,255,1,'',23911),
(400204,113771,0,0,0,1,0,0,-9474,119.081,61.166,4.4855,0,0,-0.782608,0.622515,120,255,1,'',23911),
(400205,113771,0,0,0,1,0,0,-9459.96,106.165,57.49,4.60767,0,0,-0.743144,0.669132,120,255,1,'',23911),
(400206,113771,0,0,0,1,0,0,-9427.19,91.4728,61.218,4.93928,0,0,-0.622514,0.782609,120,255,1,'',23911),
(400207,113771,0,0,0,1,0,0,-9426.95,114.794,58.422,0.383971,0,0,0.190808,0.981627,120,255,1,'',23911),
(400208,113771,0,0,0,1,0,0,-5645.81,-506.3,396.865,4.27606,0,0,-0.843391,0.5373,120,255,1,'',23911),
(400209,113771,0,0,0,1,0,0,-5639.82,-477.943,396.838,4.79966,0,0,-0.67559,0.737278,120,255,1,'',23911),
(400210,113771,0,0,0,1,0,0,-5638.41,-530.448,404.927,2.46091,0,0,0.942641,0.333808,120,255,1,'',23911),
(400211,113771,0,0,0,1,0,0,-5637.74,-529.753,404.601,1.11701,0,0,0.529919,0.848048,120,255,1,'',23911),
(400212,113771,0,0,0,1,0,0,-5631.67,-478.306,397.142,5.79449,0,0,-0.241921,0.970296,120,255,1,'',23911),
(400213,113771,0,0,0,1,0,0,-5615.95,-446.212,404.559,4.08407,0,0,-0.891007,0.453991,120,255,1,'',23911),
(400214,113771,0,0,0,1,0,0,-5593.08,-490.495,397.65,4.99164,0,0,-0.601814,0.798636,120,255,1,'',23911),
(400215,113771,0,0,0,1,0,0,-5590.85,-507.505,404.096,5.49779,0,0,-0.382683,0.92388,120,255,1,'',23911),
(400216,113768,0,0,0,1,0,0,-9499.26,18.693,57.2384,5.41052,0,0,-0.422618,0.906308,120,255,1,'',23911),
(400217,113768,0,0,0,1,0,0,-8685.8,707.128,97.5187,1.2286,0,0,0.576387,0.817177,120,255,1,'',23911),
(400218,113768,0,0,0,1,0,0,-5666.08,-496.141,397.255,4.29351,0,0,-0.83867,0.54464,120,255,1,'',23911),
(400219,113768,0,0,0,1,0,0,-5659.62,-501.995,397.354,0.418879,0,0,0.207912,0.978148,120,255,1,'',23911),
(400220,113768,0,0,0,1,0,0,-5588.15,-451.483,403.206,6.26573,0,0,-0.00872612,0.999962,120,255,1,'',23911),
(400221,113769,0,0,0,1,0,0,-9501.33,77.8762,57.3363,0,0,0,0,1,120,255,1,'',23911),
(400222,113769,0,0,0,1,0,0,-9460.02,-10.796,56.4792,1.22173,0,0,0.573576,0.819152,120,255,1,'',23911),
(400223,113769,0,0,0,1,0,0,-9452.01,35.957,56.5571,1.02974,0,0,0.492423,0.870356,120,255,1,'',23911),
(400224,113769,0,0,0,1,0,0,-9418.3,50.1628,57.6712,0.383971,0,0,0.190808,0.981627,120,255,0,'',23911),
(400225,113769,0,0,0,1,0,0,-5629.68,-477.993,397.1,4.06662,0,0,-0.894934,0.446199,120,255,1,'',23911),
(400226,113769,0,0,0,1,0,0,-5588.47,-506.387,401.389,0.331611,0,0,0.165047,0.986286,120,255,1,'',23911),
(400227,113769,0,0,0,1,0,0,-5543.07,-475.489,397.938,1.18682,0,0,0.559193,0.829038,120,255,1,'',23911),
(400228,113770,0,0,0,1,0,0,-9473.67,41.132,58.0485,0.820303,0,0,0.398748,0.91706,120,255,1,'',23911),
(400229,113770,0,0,0,1,0,0,-9437.66,113.322,57.5165,5.91667,0,0,-0.182235,0.983255,120,255,1,'',23911),
(400230,113770,0,0,0,1,0,0,-5606.81,-446.065,403.979,0.314158,0,0,0.156434,0.987688,120,255,1,'',23911),
(400231,194054,0,0,0,1,0,0,-9474.25,-3.55745,56.4996,5.45245,0,0,-0.403526,0.914968,120,255,1,'',23911),
(400232,194054,0,0,0,1,0,0,-9473.52,76.2822,57.11,2.70986,0,0,0.976791,0.214193,120,255,1,'',23911),
(400233,194054,0,0,0,1,0,0,-9453.85,80.5319,57.2211,2.4939,0,0,0.948018,0.318217,120,255,1,'',23911),
(400234,194054,0,0,0,1,0,0,-9449.83,41.2717,57.2556,3.0056,0,0,0.997689,0.0679422,120,255,1,'',23911),
(400235,194054,0,0,0,1,0,0,-9449.25,41.0671,57.3058,3.11583,0,0,0.999917,0.0128817,120,255,1,'',23911),
(400236,194054,0,0,0,1,0,0,-9437.61,38.2818,57.2119,2.97609,0,0,0.996578,0.0826552,120,255,1,'',23911),
(400237,194054,0,0,0,1,0,0,-5633.96,-474.51,397.68,4.61134,0,0,-0.741917,0.670492,120,255,1,'',23911),
(400238,194054,0,0,0,1,0,0,-5630.2,-474.824,397.208,4.40847,0,0,-0.805996,0.591921,120,255,1,'',23911),
(400239,194054,0,0,0,1,0,0,-5628.23,-498.278,397.439,1.38416,0,0,0.638139,0.769921,120,255,1,'',23911),
(400240,194054,0,0,0,1,0,0,-5609.59,-445.338,404.569,0.0238615,0,0,0.0119305,0.999929,120,255,1,'',23911),
(400241,194054,0,0,0,1,0,0,-5603.51,-445.94,403.773,4.997,0,0,-0.599671,0.800246,120,255,1,'',23911),
(400242,194054,0,0,0,1,0,0,-5597.5,-451.666,402.591,6.14761,0,0,-0.0677338,0.997703,120,255,1,'',23911),
(400243,194054,0,0,0,1,0,0,-5594.1,-503.572,400.435,1.68386,0,0,0.745931,0.666024,120,255,1,'',23911),
(400244,194054,0,0,0,1,0,0,-5573.9,-513.445,402.813,2.21391,0,0,0.894342,0.447385,120,255,1,'',23911),
(400245,194054,0,0,0,1,0,0,-5562.87,-534.994,410.068,2.40726,0,0,0.933349,0.358971,120,255,1,'',23911),
(400246,194054,0,0,0,1,0,0,-5552.79,-448.705,403.365,3.68138,0,0,-0.963799,0.266628,120,255,1,'',23911),
(400247,113771,0,0,0,1,0,0,-9424.79,63.395,57.6167,1.74533,0,0,0.766044,0.642789,120,255,1,'',23911),
(400248,113771,0,0,0,1,0,0,-5591.9,-508.067,401.45,3.12412,0,0,0.999962,0.00873464,120,255,1,'',23911),
(400249,113771,0,0,0,1,0,0,-5545.36,-475.142,397.95,0.366518,0,0,0.182235,0.983255,120,255,1,'',23911),
(400250,113768,0,0,0,1,0,0,-9498.79,93.2223,57.4605,2.19912,0,0,0.891007,0.453991,120,255,1,'',23911),
(400251,113768,0,0,0,1,0,0,-9479.36,25.9265,60.9239,3.00195,0,0,0.997563,0.0697661,120,255,1,'',23911),
(400252,113768,0,0,0,1,0,0,-9464.65,42.4915,56.6797,1.97222,0,0,0.833885,0.551938,120,255,1,'',23911),
(400253,113768,0,0,0,1,0,0,-9462.04,126.975,58.974,1.13446,0,0,0.537299,0.843392,120,255,1,'',23911),
(400254,113768,0,0,0,1,0,0,-9455.36,81.6477,56.9433,6.14356,0,0,-0.0697555,0.997564,120,255,1,'',23911),
(400255,113768,0,0,0,1,0,0,-9417.96,114.415,59.9746,1.15192,0,0,0.544639,0.838671,120,255,1,'',23911),
(400256,113768,0,0,0,1,0,0,-5653.4,-498.021,396.874,1.29154,0,0,0.601814,0.798636,120,255,1,'',23911),
(400257,113768,0,0,0,1,0,0,-5585.19,-461.908,402.358,4.62512,0,0,-0.737277,0.675591,120,255,1,'',23911),
(400258,113768,0,0,0,1,0,0,-5561.03,-445.583,403.801,5.41052,0,0,-0.422618,0.906308,120,255,1,'',23911),
(400259,235907,0,0,0,1,0,0,-8794.09,598.38,98.8824,0.764775,0,0,0.373136,0.927777,120,255,1,'',23911),
(400260,113769,0,0,0,1,0,0,-9458,153.022,55.9447,0.820303,0,0,0.398748,0.91706,120,255,1,'',23911),
(400261,113769,0,0,0,1,0,0,-9455.78,14.8614,61.399,6.21337,0,0,-0.0348988,0.999391,120,255,1,'',23911),
(400262,113769,0,0,0,1,0,0,-9413.68,102.249,58.979,3.4383,0,0,-0.989016,0.147811,120,255,1,'',23911),
(400263,113769,0,0,0,1,0,0,-5597.52,-476.048,396.98,3.75246,0,0,-0.953716,0.300708,120,255,1,'',23911),
(400264,113769,0,0,0,1,0,0,-5584.03,-462.619,402.307,0.523598,0,0,0.258819,0.965926,120,255,1,'',23911),
(400265,113769,0,0,0,1,0,0,-5572.03,-457.206,403.206,3.76991,0,0,-0.951056,0.309017,120,255,1,'',23911),
(400266,113769,0,0,0,1,0,0,-5563.83,-535.074,409.956,5.20108,0,0,-0.515037,0.857168,120,255,1,'',23911),
(400267,113770,0,0,0,1,0,0,-9480.42,32.3588,56.8705,0.890117,0,0,0.43051,0.902586,120,255,1,'',23911),
(400268,113770,0,0,0,1,0,0,-9473.44,-4.50597,56.474,4.71239,0,0,-0.707107,0.707107,120,255,1,'',23911),
(400269,113770,0,0,0,1,0,0,-9456.14,45.1139,56.5914,1.44862,0,0,0.66262,0.748956,120,255,1,'',23911),
(400270,113770,0,0,0,1,0,0,-9438.02,39.9557,61.0959,5.51524,0,0,-0.374606,0.927184,120,255,1,'',23911),
(400271,113770,0,0,0,1,0,0,-9437.6,39.9129,57.0493,0.314158,0,0,0.156434,0.987688,120,255,1,'',23911),
(400272,194054,0,0,0,1,0,0,-9473.97,43.0505,56.5508,4.72732,0,0,-0.701807,0.712367,120,255,1,'',23911),
(400273,194054,0,0,0,1,0,0,-9473.15,119.775,57.2653,1.90431,0,0,0.814668,0.579928,120,255,1,'',23911),
(400274,194054,0,0,0,1,0,0,-9455.63,-6.55062,56.6233,3.50983,0,0,-0.983098,0.18308,120,255,1,'',23911),
(400275,194054,0,0,0,1,0,0,-9453.25,27.3104,56.5308,3.28389,0,0,-0.99747,0.0710902,120,255,1,'',23911),
(400276,194054,0,0,0,1,0,0,-9449.33,122.568,58.3204,5.65485,0,0,-0.309024,0.951054,120,255,1,'',23911),
(400277,194054,0,0,0,1,0,0,-9447.27,42.8987,57.7291,3.65364,0,0,-0.967404,0.253237,120,255,1,'',23911),
(400278,194054,0,0,0,1,0,0,-9419.77,111.364,59.7477,2.65203,0,0,0.97019,0.242345,120,255,1,'',23911),
(400279,194054,0,0,0,1,0,0,-8868.21,646.979,96.1693,0.000162125,0,0,0.0000810623,1,120,255,1,'',23911),
(400280,194054,0,0,0,1,0,0,-5634.19,-473.838,397.71,4.8454,0,0,-0.658553,0.752534,120,255,1,'',23911),
(400281,194054,0,0,0,1,0,0,-5633.3,-503.704,396.669,1.66062,0,0,0.73814,0.674648,120,255,1,'',23911),
(400282,194054,0,0,0,1,0,0,-5628.75,-473.908,397.057,4.23644,0,0,-0.853868,0.520489,120,255,1,'',23911),
(400283,194054,0,0,0,1,0,0,-5627.59,-473.549,396.98,4.00381,0,0,-0.908503,0.417877,120,255,1,'',23911),
(400284,194054,0,0,0,1,0,0,-5604,-504.482,400.744,5.25165,0,0,-0.493202,0.869915,120,255,1,'',23911),
(400285,194054,0,0,0,1,0,0,-5601.44,-511.017,401.411,5.436,0,0,-0.411038,0.911618,120,255,1,'',23911),
(400286,194054,0,0,0,1,0,0,-5594.45,-501.915,399.996,5.56789,0,0,-0.350074,0.936722,120,255,1,'',23911),
(400287,194054,0,0,0,1,0,0,-5592.78,-503.366,400.315,6.20759,0,0,-0.0377893,0.999286,120,255,1,'',23911),
(400288,194054,0,0,0,1,0,0,-5570.51,-458.641,402.803,3.5136,0,0,-0.982751,0.184934,120,255,1,'',23911),
(400289,194054,0,0,0,1,0,0,-5560.2,-453.25,403.187,2.94435,0,0,0.995141,0.0984598,120,255,1,'',23911),
(400290,194054,0,0,0,1,0,0,-5551.83,-443.862,404.494,1.77511,0,0,0.77553,0.631311,120,255,1,'',23911),
(400291,113771,0,0,0,1,0,0,-9481.19,25.9235,56.6678,3.80482,0,0,-0.945518,0.325568,120,255,1,'',23911),
(400292,113771,0,0,0,1,0,0,-9471.69,9.24544,56.4663,3.56047,0,0,-0.978148,0.207912,120,255,1,'',23911),
(400293,113771,0,0,0,1,0,0,-9450.44,85.7477,56.8878,3.42085,0,0,-0.990268,0.139175,120,255,1,'',23911),
(400294,113771,0,0,0,1,0,0,-9423,109.674,58.8177,1.51844,0,0,0.688354,0.725375,120,255,1,'',23911),
(400295,113771,0,0,0,1,0,0,-5577.19,-521.814,401.477,6.00393,0,0,-0.139173,0.990268,120,255,1,'',23911),
(400296,113771,0,0,0,1,0,0,-5554.67,-446.838,403.451,2.11185,0,0,0.870356,0.492424,120,255,1,'',23911),
(400297,113768,0,0,0,1,0,0,-9497.64,83.6594,57.0273,4.72984,0,0,-0.700909,0.713251,120,255,1,'',23911),
(400298,113768,0,0,0,1,0,0,-9476.4,7.09245,56.7997,0.0349062,0,0,0.0174522,0.999848,120,255,1,'',23911),
(400299,113768,0,0,0,1,0,0,-9470.67,-9.53402,56.4724,2.68781,0,0,0.97437,0.224951,120,255,1,'',23911),
(400300,113768,0,0,0,1,0,0,-9464.39,40.1361,56.5732,1.62316,0,0,0.725374,0.688355,120,255,1,'',23911),
(400301,113768,0,0,0,1,0,0,-9454.08,77.8566,57.1008,4.34587,0,0,-0.824126,0.566406,120,255,1,'',23911),
(400302,113768,0,0,0,1,0,0,-5614.05,-522.496,402.706,3.7001,0,0,-0.961261,0.27564,120,255,1,'',23911),
(400303,113770,0,0,0,1,0,0,-5594.56,-460.384,402.493,4.7822,0,0,-0.681998,0.731354,120,255,1,'',23911),
(400304,194054,0,0,0,1,0,0,-8819.24,666.631,98.0171,0.616572,0,0,0.303426,0.952855,120,255,1,'',23911),
(400305,194054,0,0,0,1,0,0,-5636.41,-504.548,396.738,0.514721,0,0,0.254529,0.967065,120,255,1,'',23911);

DELETE FROM `gameobject_template_addon` WHERE `entry` IN (235907,235908,113769,113770,194054,113768,113771);
INSERT INTO `gameobject_template_addon` (`entry`, `faction`, `flags`) VALUES
(235908, 35, 0), -- 235908
(235907, 35, 0), -- 235907
(113769, 35, 0), -- 113769
(113770, 35, 0), -- 113770
(194054, 35, 0), -- 194054
(113768, 35, 0), -- 113768
(113771, 35, 0); -- 113771

DELETE FROM `creature` WHERE `guid` BETWEEN 699980 AND 699986;
INSERT INTO `creature` (`guid`, `id`, `map`, `zoneId`, `areaId`, `spawnMask`, `PhaseId`, `PhaseGroup`, `modelid`, `equipment_id`, `position_x`, `position_y`, `position_z`, `orientation`, `spawntimesecs`, `spawndist`, `currentwaypoint`, `curhealth`, `curmana`, `MovementType`, `npcflag`, `unit_flags`, `dynamicflags`, `VerifiedBuild`) VALUES
(699980, 32799, 0, 0, 0, 1, '0', 0, 0, 0, -9453.401, 43.55566, 56.9489, 0.8203048, 120, 0, 0, 0, 0, 0, 0, 0, 0, 23911), -- 32799 (Area: 87)
(699981, 32799, 0, 0, 0, 1, '0', 0, 0, 0, -5596.77, -506.932, 401.2413, 2.513274, 120, 0, 0, 0, 0, 0, 0, 0, 0, 23911), -- 32799 (Area: 5097)
(699982, 32836, 0, 0, 0, 1, '0', 0, 0, 0, -9451.579, 41.67638, 57.13818, 0.6981317, 120, 0, 0, 0, 0, 0, 0, 0, 0, 23911), -- 32836 (Area: 87)
(699983, 32836, 0, 0, 0, 1, '0', 0, 0, 0, -5600.47, -512.751, 401.5533, 1.58825, 120, 0, 0, 0, 0, 0, 0, 0, 0, 23911), -- 32836 (Area: 5097)
(699984, 18927, 0, 0, 0, 1, '0', 0, 0, 0, -8835.801, 559.625, 95.37226, 2.356194, 120, 0, 0, 0, 0, 0, 0, 0, 0, 23911), -- 18927 (Area: 1617) (Auras: 65523 - 65523, 33209 - 33209, 33207 - 33207, 33208 - 33208)
(699985, 18927, 0, 0, 0, 1, '0', 0, 0, 0, -8836.973, 560.6805, 95.29748, 5.602507, 120, 0, 0, 0, 0, 0, 0, 0, 0, 23911), -- 18927 (Area: 1617) (Auras: 65523 - 65523, 33209 - 33209, 33207 - 33207, 33208 - 33208)
(699986, 18927, 0, 0, 0, 1, '0', 0, 0, 0, -8855.153, 651.2535, 96.38058, 2.321288, 120, 0, 0, 0, 0, 0, 0, 0, 0, 23911); -- 18927 (Area: 5148) (Auras: 65523 - 65523, 33209 - 33209, 33207 - 33207, 33208 - 33208)

DELETE FROM `creature_addon` WHERE `guid` IN (699984,699985,699986);
INSERT INTO `creature_addon` (`guid`, `path_id`, `mount`, `bytes1`, `bytes2`, `emote`, `aiAnimKit`, `movementAnimKit`, `meleeAnimKit`, `auras`) VALUES
(699984, 0, 0, 0, 257, 0, 0, 0, 0, '65523 33209 33207 33208'), -- 18927 - 65523 - 65523, 33209 - 33209, 33207 - 33207, 33208 - 33208
(699985, 0, 0, 0, 257, 0, 0, 0, 0, '65523 33209 33207 33208'), -- 18927 - 65523 - 65523, 33209 - 33209, 33207 - 33207, 33208 - 33208
(699986, 0, 0, 0, 257, 0, 0, 0, 0, '65523 33209 33207 33208'); -- 18927 - 65523 - 65523, 33209 - 33209, 33207 - 33207, 33208 - 33208

DELETE FROM `creature_equip_template` WHERE `CreatureID`=32836;
INSERT INTO `creature_equip_template` (`CreatureID`, `ID`, `ItemID1`, `AppearanceModID1`, `ItemVisual1`, `ItemID2`, `AppearanceModID2`, `ItemVisual2`, `ItemID3`, `AppearanceModID3`, `ItemVisual3`) VALUES
(32836, 1, 0, 0, 0, 45073, 0, 0, 0, 0, 0); -- 32836

DELETE FROM `game_event_creature` WHERE (`eventEntry`=9 AND `guid`in (699980,699981,699982,699983,699984,699985,699986));
insert  into `game_event_creature`(`eventEntry`,`guid`) values (9,699980),(9,699981),(9,699982),(9,699983),(9,699984),(9,699985),(9,699986);

DELETE FROM `game_event_gameobject` WHERE (`eventEntry`=9 AND `guid` BETWEEN 400100 AND 400305);
insert  into `game_event_gameobject`(`eventEntry`,`guid`) values 
(9,400305),(9,400304),(9,400303),(9,400302),(9,400301),(9,400300),(9,400299),
(9,400298),(9,400297),(9,400296),(9,400295),(9,400294),(9,400293),(9,400292),
(9,400291),(9,400290),(9,400289),(9,400288),(9,400287),(9,400286),(9,400285),
(9,400284),(9,400283),(9,400282),(9,400281),(9,400280),(9,400279),(9,400278),
(9,400277),(9,400276),(9,400275),(9,400274),(9,400273),(9,400272),(9,400271),
(9,400270),(9,400269),(9,400268),(9,400267),(9,400266),(9,400265),(9,400264),
(9,400263),(9,400262),(9,400261),(9,400260),(9,400259),(9,400258),(9,400257),
(9,400256),(9,400255),(9,400254),(9,400253),(9,400252),(9,400251),(9,400250),
(9,400249),(9,400248),(9,400247),(9,400246),(9,400245),(9,400244),(9,400243),
(9,400242),(9,400241),(9,400240),(9,400239),(9,400238),(9,400237),(9,400236),
(9,400235),(9,400234),(9,400233),(9,400232),(9,400231),(9,400230),(9,400229),
(9,400228),(9,400227),(9,400226),(9,400225),(9,400224),(9,400223),(9,400222),
(9,400221),(9,400220),(9,400219),(9,400218),(9,400217),(9,400216),(9,400215),
(9,400214),(9,400213),(9,400212),(9,400211),(9,400210),(9,400209),(9,400208),
(9,400207),(9,400206),(9,400205),(9,400204),(9,400203),(9,400202),(9,400201),
(9,400200),(9,400199),(9,400198),(9,400197),(9,400196),(9,400195),(9,400194),
(9,400193),(9,400192),(9,400191),(9,400190),(9,400189),(9,400188),(9,400187),
(9,400186),(9,400185),(9,400184),(9,400183),(9,400182),(9,400181),(9,400180),
(9,400179),(9,400178),(9,400177),(9,400176),(9,400175),(9,400174),(9,400173),
(9,400172),(9,400171),(9,400170),(9,400169),(9,400168),(9,400167),(9,400166),
(9,400165),(9,400164),(9,400163),(9,400162),(9,400161),(9,400160),(9,400159),
(9,400158),(9,400157),(9,400156),(9,400155),(9,400154),(9,400153),(9,400152),
(9,400151),(9,400150),(9,400149),(9,400148),(9,400147),(9,400146),(9,400145),
(9,400144),(9,400143),(9,400142),(9,400141),(9,400140),(9,400139),(9,400138),
(9,400137),(9,400136),(9,400135),(9,400134),(9,400133),(9,400132),(9,400131),
(9,400130),(9,400129),(9,400128),(9,400127),(9,400126),(9,400125),(9,400124),
(9,400123),(9,400122),(9,400121),(9,400120),(9,400119),(9,400118),(9,400117),
(9,400116),(9,400115),(9,400114),(9,400113),(9,400112),(9,400111),(9,400110),
(9,400109),(9,400108),(9,400107),(9,400106),(9,400105),(9,400104),(9,400103),
(9,400102),(9,400101),(9,400100);

DELETE FROM `gossip_menu` WHERE (`entry`=10257 AND `text_id`=14239);
INSERT INTO `gossip_menu` (`entry`, `text_id`) VALUES
(10257, 14239); -- 32836
DELETE FROM `gossip_menu_option` WHERE (`menu_id`=10257 AND `id`=0);
INSERT INTO `gossip_menu_option` (`menu_id`, `id`, `option_icon`, `option_text`, `OptionBroadcastTextID`, `option_id`, `npc_option_npcflag`, `action_menu_id`, `action_poi_id`, `box_coded`, `box_money`, `box_text`, `BoxBroadcastTextID`) VALUES
(10257, 0, 1, 'Я хочу посмотреть на ваши товары.', 3370, 3, 128, 0, 0, 0, 0, '', 0);

DELETE FROM `npc_vendor` WHERE `entry`=32836;
INSERT INTO `npc_vendor` (`entry`, `slot`, `item`, `maxcount`, `ExtendedCost`, `type`, `PlayerConditionID`, `IgnoreFiltering`, `VerifiedBuild`) VALUES
(32836, 18, 116359, 0, 0, 1, 0, 0, 23911), -- 116359
(32836, 17, 116358, 0, 0, 1, 0, 0, 23911), -- 116358https://github.com/unreal2x/Trinity-Living-world
(32836, 16, 116357, 0, 0, 1, 0, 0, 23911), -- 116357
(32836, 14, 74283, 0, 2573, 1, 0, 0, 23911), -- 74283
(32836, 13, 74282, 0, 2573, 1, 0, 0, 23911), -- 74282
(32836, 12, 72145, 0, 3689, 1, 0, 0, 23911), -- 72145
(32836, 11, 116258, 0, 2574, 1, 0, 0, 23911), -- 116258
(32836, 10, 141532, 0, 6131, 1, 0, 0, 23911), -- 141532
(32836, 9, 44794, 0, 2574, 1, 0, 0, 23911), -- 44794
(32836, 8, 44803, 0, 2573, 1, 0, 0, 23911), -- 44803
(32836, 7, 19028, 0, 2573, 1, 0, 0, 23911), -- 19028
(32836, 6, 6835, 0, 2572, 1, 0, 0, 23911), -- 6835
(32836, 5, 6833, 0, 2572, 1, 0, 0, 23911), -- 6833
(32836, 4, 44800, 0, 2573, 1, 0, 0, 23911), -- 44800
(32836, 3, 45073, 0, 2573, 1, 0, 0, 23911), -- 45073
(32836, 2, 44792, 0, 2571, 1, 0, 0, 23911), -- 44792
(32836, 1, 44818, 0, 2575, 1, 0, 0, 23911); -- 44818



















